 x=    2.0000000000000000     
 sqrt_true =    1.4142135623730951     
 sqrtNT =    1.4142135623730951     
 error =    0.0000000000000000     
